ano;poder;faixa;percentual
2019;Executivo;< 2,5 mil;0.4644440422766921
2019;Executivo;2,5 - 5 mil;0.30245257573108475
2019;Executivo;5 - 7,5 mil;0.11630538028880416
2019;Executivo;7,5 - 10 mil;0.0492200160935265
2019;Executivo;10 - 12,5 mil;0.024077101692887664
2019;Executivo;12,5 - 15 mil;0.014073962739498565
2019;Executivo;15 - 17,5 mil;0.008362396769843145
2019;Executivo;17,5 - 20 mil;0.007496781805930884
2019;Executivo;20 - 22,5 mil;0.0042300208684165055
2019;Executivo;22,5 - 25 mil;0.003084456250453717
2019;Executivo;25 - 27,5 mil;0.0019050481936703568
2019;Executivo;27,5 - 30 mil;0.001925190663300727
2019;Executivo;> 30 mil;0.0024230266258909463
2019;Judiciario;< 2,5 mil;0.04547875398684266
2019;Judiciario;2,5 - 5 mil;0.08066585568083472
2019;Judiciario;5 - 7,5 mil;0.15709219214312084
2019;Judiciario;7,5 - 10 mil;0.15951304537284167
2019;Judiciario;10 - 12,5 mil;0.1400554375389606
2019;Judiciario;12,5 - 15 mil;0.1305233279469349
2019;Judiciario;15 - 17,5 mil;0.08698428261040604
2019;Judiciario;17,5 - 20 mil;0.06333859868910797
2019;Judiciario;20 - 22,5 mil;0.048846766042691746
2019;Judiciario;22,5 - 25 mil;0.03318384564639807
2019;Judiciario;25 - 27,5 mil;0.02040779272654647
2019;Judiciario;27,5 - 30 mil;0.012915251980560549
2019;Judiciario;> 30 mil;0.02099484963475377
2019;Legislativo;< 2,5 mil;0.364817136090085
2019;Legislativo;2,5 - 5 mil;0.2608260559429905
2019;Legislativo;5 - 7,5 mil;0.13122502545066725
2019;Legislativo;7,5 - 10 mil;0.07310747453201936
2019;Legislativo;10 - 12,5 mil;0.04150363234693242
2019;Legislativo;12,5 - 15 mil;0.03072085985165897
2019;Legislativo;15 - 17,5 mil;0.0259700686302347
2019;Legislativo;17,5 - 20 mil;0.018075167766643353
2019;Legislativo;20 - 22,5 mil;0.01248294632159948
2019;Legislativo;22,5 - 25 mil;0.011617277367258323
2019;Legislativo;25 - 27,5 mil;0.009775133832420341
2019;Legislativo;27,5 - 30 mil;0.008442003642734959
2019;Legislativo;> 30 mil;0.011437218224755363
2018;Executivo;< 2,5 mil;0.4766223343563866
2018;Executivo;2,5 - 5 mil;0.29762311205047143
2018;Executivo;5 - 7,5 mil;0.11425308331148966
2018;Executivo;7,5 - 10 mil;0.047399990966677887
2018;Executivo;10 - 12,5 mil;0.023863058781483742
2018;Executivo;12,5 - 15 mil;0.013439038980757248
2018;Executivo;15 - 17,5 mil;0.00816716852885249
2018;Executivo;17,5 - 20 mil;0.006820355427695259
2018;Executivo;20 - 22,5 mil;0.003692518338334204
2018;Executivo;22,5 - 25 mil;0.0025355430653769924
2018;Executivo;25 - 27,5 mil;0.0019005478571796272
2018;Executivo;27,5 - 30 mil;0.001399375990731575
2018;Executivo;> 30 mil;0.002283872344563252
2018;Judiciario;< 2,5 mil;0.044983027443760426
2018;Judiciario;2,5 - 5 mil;0.08327484034290317
2018;Judiciario;5 - 7,5 mil;0.15897244117139406
2018;Judiciario;7,5 - 10 mil;0.16504804096427134
2018;Judiciario;10 - 12,5 mil;0.14018180772107475
2018;Judiciario;12,5 - 15 mil;0.12530061561475175
2018;Judiciario;15 - 17,5 mil;0.08245497957539842
2018;Judiciario;17,5 - 20 mil;0.05176341982624705
2018;Judiciario;20 - 22,5 mil;0.04054427248144526
2018;Judiciario;22,5 - 25 mil;0.02708992578102526
2018;Judiciario;25 - 27,5 mil;0.017726252804786836
2018;Judiciario;27,5 - 30 mil;0.021437201541913583
2018;Judiciario;> 30 mil;0.041223174731028135
2018;Legislativo;< 2,5 mil;0.37958139726756895
2018;Legislativo;2,5 - 5 mil;0.2563482330704409
2018;Legislativo;5 - 7,5 mil;0.1242532317766052
2018;Legislativo;7,5 - 10 mil;0.06414049930807916
2018;Legislativo;10 - 12,5 mil;0.04056643752648613
2018;Legislativo;12,5 - 15 mil;0.03019700055128652
2018;Legislativo;15 - 17,5 mil;0.02408034532287764
2018;Legislativo;17,5 - 20 mil;0.019887567551350276
2018;Legislativo;20 - 22,5 mil;0.014978492325116539
2018;Legislativo;22,5 - 25 mil;0.01099197821855698
2018;Legislativo;25 - 27,5 mil;0.010459442938094648
2018;Legislativo;27,5 - 30 mil;0.008280548586343845
2018;Legislativo;> 30 mil;0.016234825557193164
2017;Executivo;< 2,5 mil;0.4831267028745031
2017;Executivo;2,5 - 5 mil;0.29462011156986906
2017;Executivo;5 - 7,5 mil;0.11207666647598913
2017;Executivo;7,5 - 10 mil;0.04565006413817801
2017;Executivo;10 - 12,5 mil;0.024128414270725016
2017;Executivo;12,5 - 15 mil;0.012870440096822398
2017;Executivo;15 - 17,5 mil;0.00804078044055915
2017;Executivo;17,5 - 20 mil;0.006632933720225898
2017;Executivo;20 - 22,5 mil;0.0038545595309645957
2017;Executivo;22,5 - 25 mil;0.002746638132948217
2017;Executivo;25 - 27,5 mil;0.002459936167428463
2017;Executivo;27,5 - 30 mil;0.001320474614681178
2017;Executivo;> 30 mil;0.0024722779671057737
2017;Judiciario;< 2,5 mil;0.040245190793868464
2017;Judiciario;2,5 - 5 mil;0.08225898056895328
2017;Judiciario;5 - 7,5 mil;0.17313436349564618
2017;Judiciario;7,5 - 10 mil;0.17113328644535147
2017;Judiciario;10 - 12,5 mil;0.14698205210451507
2017;Judiciario;12,5 - 15 mil;0.12167725569939114
2017;Judiciario;15 - 17,5 mil;0.079907715034857
2017;Judiciario;17,5 - 20 mil;0.05172489898975036
2017;Judiciario;20 - 22,5 mil;0.03523955540776359
2017;Judiciario;22,5 - 25 mil;0.025551988276042693
2017;Judiciario;25 - 27,5 mil;0.015102246208988956
2017;Judiciario;27,5 - 30 mil;0.014337128513288035
2017;Judiciario;> 30 mil;0.04270533846158373
2017;Legislativo;< 2,5 mil;0.38166937706359766
2017;Legislativo;2,5 - 5 mil;0.2559259132900428
2017;Legislativo;5 - 7,5 mil;0.12472753877004841
2017;Legislativo;7,5 - 10 mil;0.06400327522090683
2017;Legislativo;10 - 12,5 mil;0.039696890435520986
2017;Legislativo;12,5 - 15 mil;0.030132790495794145
2017;Legislativo;15 - 17,5 mil;0.023100921534956537
2017;Legislativo;17,5 - 20 mil;0.019696814620222214
2017;Legislativo;20 - 22,5 mil;0.015075872160243215
2017;Legislativo;22,5 - 25 mil;0.011046289030663497
2017;Legislativo;25 - 27,5 mil;0.010959101437078988
2017;Legislativo;27,5 - 30 mil;0.008260076800897654
2017;Legislativo;> 30 mil;0.015705139140027066
2016;Executivo;< 2,5 mil;0.4918497574820829
2016;Executivo;2,5 - 5 mil;0.29400998533428735
2016;Executivo;5 - 7,5 mil;0.10850275328002024
2016;Executivo;7,5 - 10 mil;0.045482189658103106
2016;Executivo;10 - 12,5 mil;0.022786406346972578
2016;Executivo;12,5 - 15 mil;0.012415059433690027
2016;Executivo;15 - 17,5 mil;0.008025919967110854
2016;Executivo;17,5 - 20 mil;0.005383621047471845
2016;Executivo;20 - 22,5 mil;0.003674136561107795
2016;Executivo;22,5 - 25 mil;0.0033424779915484384
2016;Executivo;25 - 27,5 mil;0.002351850607381874
2016;Executivo;27,5 - 30 mil;0.0009492194757501848
2016;Executivo;> 30 mil;0.001226622814472805
2016;Judiciario;< 2,5 mil;0.041052814097082016
2016;Judiciario;2,5 - 5 mil;0.0828227079163838
2016;Judiciario;5 - 7,5 mil;0.1925799881858177
2016;Judiciario;7,5 - 10 mil;0.18114785654878934
2016;Judiciario;10 - 12,5 mil;0.15034869470918596
2016;Judiciario;12,5 - 15 mil;0.11494141399892438
2016;Judiciario;15 - 17,5 mil;0.07208708404233122
2016;Judiciario;17,5 - 20 mil;0.051359365678330965
2016;Judiciario;20 - 22,5 mil;0.030969615216196598
2016;Judiciario;22,5 - 25 mil;0.019860757224431258
2016;Judiciario;25 - 27,5 mil;0.010900199548004667
2016;Judiciario;27,5 - 30 mil;0.013204258983333774
2016;Judiciario;> 30 mil;0.03872524385118833
2016;Legislativo;< 2,5 mil;0.3908199260087757
2016;Legislativo;2,5 - 5 mil;0.2545149507637678
2016;Legislativo;5 - 7,5 mil;0.11723229020828607
2016;Legislativo;7,5 - 10 mil;0.06314282809163649
2016;Legislativo;10 - 12,5 mil;0.039021376111628196
2016;Legislativo;12,5 - 15 mil;0.030449031309394383
2016;Legislativo;15 - 17,5 mil;0.023413607815225296
2016;Legislativo;17,5 - 20 mil;0.019983887746083392
2016;Legislativo;20 - 22,5 mil;0.014536225196123673
2016;Legislativo;22,5 - 25 mil;0.01184563522169992
2016;Legislativo;25 - 27,5 mil;0.011466293321236108
2016;Legislativo;27,5 - 30 mil;0.009397511204273658
2016;Legislativo;> 30 mil;0.014176437001869335
2015;Executivo;< 2,5 mil;0.4864194370941715
2015;Executivo;2,5 - 5 mil;0.28884249836741177
2015;Executivo;5 - 7,5 mil;0.11282249629073202
2015;Executivo;7,5 - 10 mil;0.04622977617200404
2015;Executivo;10 - 12,5 mil;0.025529420839932548
2015;Executivo;12,5 - 15 mil;0.013643962485506915
2015;Executivo;15 - 17,5 mil;0.008353630685867645
2015;Executivo;17,5 - 20 mil;0.00569820897168826
2015;Executivo;20 - 22,5 mil;0.003909673460759292
2015;Executivo;22,5 - 25 mil;0.0026290215796073977
2015;Executivo;25 - 27,5 mil;0.0031266003241426188
2015;Executivo;27,5 - 30 mil;0.0015182530922997776
2015;Executivo;> 30 mil;0.001277020635876193
2015;Judiciario;< 2,5 mil;0.03740681290148332
2015;Judiciario;2,5 - 5 mil;0.08948416778434917
2015;Judiciario;5 - 7,5 mil;0.20367500145784675
2015;Judiciario;7,5 - 10 mil;0.1749661626097605
2015;Judiciario;10 - 12,5 mil;0.14776427692336022
2015;Judiciario;12,5 - 15 mil;0.11359848752236644
2015;Judiciario;15 - 17,5 mil;0.08282717917396869
2015;Judiciario;17,5 - 20 mil;0.053722419841447655
2015;Judiciario;20 - 22,5 mil;0.03256062340595968
2015;Judiciario;22,5 - 25 mil;0.02412352719114366
2015;Judiciario;25 - 27,5 mil;0.013805041387501804
2015;Judiciario;27,5 - 30 mil;0.00922893718368562
2015;Judiciario;> 30 mil;0.016837362617126476
2015;Legislativo;< 2,5 mil;0.3806009062800655
2015;Legislativo;2,5 - 5 mil;0.25566057828599964
2015;Legislativo;5 - 7,5 mil;0.12311161051989923
2015;Legislativo;7,5 - 10 mil;0.0673614324219123
2015;Legislativo;10 - 12,5 mil;0.041010274601391
2015;Legislativo;12,5 - 15 mil;0.02935862691960253
2015;Legislativo;15 - 17,5 mil;0.024636276173059832
2015;Legislativo;17,5 - 20 mil;0.02151864337071555
2015;Legislativo;20 - 22,5 mil;0.015610196752374027
2015;Legislativo;22,5 - 25 mil;0.010579387636694795
2015;Legislativo;25 - 27,5 mil;0.010259912897231953
2015;Legislativo;27,5 - 30 mil;0.009323521419496038
2015;Legislativo;> 30 mil;0.010968632721557568
2014;Executivo;< 2,5 mil;0.48570237894339413
2014;Executivo;2,5 - 5 mil;0.2915237392310457
2014;Executivo;5 - 7,5 mil;0.11203765323074165
2014;Executivo;7,5 - 10 mil;0.045648535254706774
2014;Executivo;10 - 12,5 mil;0.025156512220482263
2014;Executivo;12,5 - 15 mil;0.013295921666924821
2014;Executivo;15 - 17,5 mil;0.008391247965049928
2014;Executivo;17,5 - 20 mil;0.0054845821275573275
2014;Executivo;20 - 22,5 mil;0.004088912745826926
2014;Executivo;22,5 - 25 mil;0.0025576040925516133
2014;Executivo;25 - 27,5 mil;0.0022397326414222312
2014;Executivo;27,5 - 30 mil;0.0024757777044656128
2014;Executivo;> 30 mil;0.0013974021758310455
2014;Judiciario;< 2,5 mil;0.03601113845434463
2014;Judiciario;2,5 - 5 mil;0.08845719218629634
2014;Judiciario;5 - 7,5 mil;0.20342066848710655
2014;Judiciario;7,5 - 10 mil;0.16701386911416916
2014;Judiciario;10 - 12,5 mil;0.14426036886388366
2014;Judiciario;12,5 - 15 mil;0.10852199664887191
2014;Judiciario;15 - 17,5 mil;0.07752855802577191
2014;Judiciario;17,5 - 20 mil;0.05413061006717243
2014;Judiciario;20 - 22,5 mil;0.034782191661745884
2014;Judiciario;22,5 - 25 mil;0.025759923745350233
2014;Judiciario;25 - 27,5 mil;0.016207110506296103
2014;Judiciario;27,5 - 30 mil;0.011561092144032564
2014;Judiciario;> 30 mil;0.03234528009495862
2014;Legislativo;< 2,5 mil;0.3778021765376477
2014;Legislativo;2,5 - 5 mil;0.24840040888956197
2014;Legislativo;5 - 7,5 mil;0.122666868587438
2014;Legislativo;7,5 - 10 mil;0.07068909669901606
2014;Legislativo;10 - 12,5 mil;0.042546389193873387
2014;Legislativo;12,5 - 15 mil;0.02787347981002621
2014;Legislativo;15 - 17,5 mil;0.02530740334094743
2014;Legislativo;17,5 - 20 mil;0.020936659978041117
2014;Legislativo;20 - 22,5 mil;0.01859774437671685
2014;Legislativo;22,5 - 25 mil;0.012699975180571857
2014;Legislativo;25 - 27,5 mil;0.011639891131050788
2014;Legislativo;27,5 - 30 mil;0.009263115385100771
2014;Legislativo;> 30 mil;0.011576790890007866
2013;Executivo;< 2,5 mil;0.5092296838352929
2013;Executivo;2,5 - 5 mil;0.2836081398420263
2013;Executivo;5 - 7,5 mil;0.10544573221347166
2013;Executivo;7,5 - 10 mil;0.04149994374293467
2013;Executivo;10 - 12,5 mil;0.02329515740147408
2013;Executivo;12,5 - 15 mil;0.011958948277785316
2013;Executivo;15 - 17,5 mil;0.008136848088056552
2013;Executivo;17,5 - 20 mil;0.005339737141880319
2013;Executivo;20 - 22,5 mil;0.003501459061999149
2013;Executivo;22,5 - 25 mil;0.002200061713759223
2013;Executivo;25 - 27,5 mil;0.002088416790971441
2013;Executivo;27,5 - 30 mil;0.002437741778621446
2013;Executivo;> 30 mil;0.0012581301117270147
2013;Judiciario;< 2,5 mil;0.03367372276367248
2013;Judiciario;2,5 - 5 mil;0.10985163573157862
2013;Judiciario;5 - 7,5 mil;0.19832391830653673
2013;Judiciario;7,5 - 10 mil;0.1702899000558694
2013;Judiciario;10 - 12,5 mil;0.13741386802408592
2013;Judiciario;12,5 - 15 mil;0.10868458625613012
2013;Judiciario;15 - 17,5 mil;0.07512260227202185
2013;Judiciario;17,5 - 20 mil;0.0485846421255199
2013;Judiciario;20 - 22,5 mil;0.032100068284809734
2013;Judiciario;22,5 - 25 mil;0.02438388478490285
2013;Judiciario;25 - 27,5 mil;0.01760196163635235
2013;Judiciario;27,5 - 30 mil;0.012111242162766156
2013;Judiciario;> 30 mil;0.031857967595753926
2013;Legislativo;< 2,5 mil;0.39029808562698387
2013;Legislativo;2,5 - 5 mil;0.24807001316304386
2013;Legislativo;5 - 7,5 mil;0.1208944545242528
2013;Legislativo;7,5 - 10 mil;0.06813950454777236
2013;Legislativo;10 - 12,5 mil;0.04330760017550725
2013;Legislativo;12,5 - 15 mil;0.030298718085547925
2013;Legislativo;15 - 17,5 mil;0.024057142631264797
2013;Legislativo;17,5 - 20 mil;0.019139777295528123
2013;Legislativo;20 - 22,5 mil;0.016194892106521832
2013;Legislativo;22,5 - 25 mil;0.011791399354101692
2013;Legislativo;25 - 27,5 mil;0.009668710298401856
2013;Legislativo;27,5 - 30 mil;0.007747617410003123
2013;Legislativo;> 30 mil;0.010392084781070515
2012;Executivo;< 2,5 mil;0.5209106504780161
2012;Executivo;2,5 - 5 mil;0.28336396606118425
2012;Executivo;5 - 7,5 mil;0.10083385362773988
2012;Executivo;7,5 - 10 mil;0.03769769774959624
2012;Executivo;10 - 12,5 mil;0.022246898124726685
2012;Executivo;12,5 - 15 mil;0.01052576688670251
2012;Executivo;15 - 17,5 mil;0.00784828633866749
2012;Executivo;17,5 - 20 mil;0.005473410745696379
2012;Executivo;20 - 22,5 mil;0.003102024830955001
2012;Executivo;22,5 - 25 mil;0.002022218681583612
2012;Executivo;25 - 27,5 mil;0.002087126696656629
2012;Executivo;27,5 - 30 mil;0.0025601276544237454
2012;Executivo;> 30 mil;0.0013279721240514804
2012;Judiciario;< 2,5 mil;0.037969180535008897
2012;Judiciario;2,5 - 5 mil;0.13418383463702527
2012;Judiciario;5 - 7,5 mil;0.2026972505184013
2012;Judiciario;7,5 - 10 mil;0.16898787425758366
2012;Judiciario;10 - 12,5 mil;0.12830080098081836
2012;Judiciario;12,5 - 15 mil;0.09936728457806983
2012;Judiciario;15 - 17,5 mil;0.07014915570178867
2012;Judiciario;17,5 - 20 mil;0.04697356857127666
2012;Judiciario;20 - 22,5 mil;0.030747529970318984
2012;Judiciario;22,5 - 25 mil;0.02225919751792902
2012;Judiciario;25 - 27,5 mil;0.017889926907763667
2012;Judiciario;27,5 - 30 mil;0.011753556874016758
2012;Judiciario;> 30 mil;0.028720838949998904
2012;Legislativo;< 2,5 mil;0.3910730823764681
2012;Legislativo;2,5 - 5 mil;0.24462967060886956
2012;Legislativo;5 - 7,5 mil;0.12414660732872727
2012;Legislativo;7,5 - 10 mil;0.06962372861908157
2012;Legislativo;10 - 12,5 mil;0.04362240089170826
2012;Legislativo;12,5 - 15 mil;0.03119749534885627
2012;Legislativo;15 - 17,5 mil;0.02273528230598379
2012;Legislativo;17,5 - 20 mil;0.01853491021448534
2012;Legislativo;20 - 22,5 mil;0.016297443715013973
2012;Legislativo;22,5 - 25 mil;0.011593026972535713
2012;Legislativo;25 - 27,5 mil;0.008806438658175769
2012;Legislativo;27,5 - 30 mil;0.007880307836050256
2012;Legislativo;> 30 mil;0.009859605124044159
2011;Executivo;< 2,5 mil;0.5527377057061813
2011;Executivo;2,5 - 5 mil;0.26970927115582505
2011;Executivo;5 - 7,5 mil;0.0896061438441366
2011;Executivo;7,5 - 10 mil;0.03366363754260779
2011;Executivo;10 - 12,5 mil;0.020823325696218437
2011;Executivo;12,5 - 15 mil;0.010348182949774017
2011;Executivo;15 - 17,5 mil;0.006665843835208002
2011;Executivo;17,5 - 20 mil;0.005797628710165228
2011;Executivo;20 - 22,5 mil;0.0027428164187600725
2011;Executivo;22,5 - 25 mil;0.002219927900571794
2011;Executivo;25 - 27,5 mil;0.0016812830353027017
2011;Executivo;27,5 - 30 mil;0.0016411851520265288
2011;Executivo;> 30 mil;0.002363048053222516
2011;Judiciario;< 2,5 mil;0.03715156823545931
2011;Judiciario;2,5 - 5 mil;0.15065223350695026
2011;Judiciario;5 - 7,5 mil;0.19817735669918363
2011;Judiciario;7,5 - 10 mil;0.1609622700801669
2011;Judiciario;10 - 12,5 mil;0.1263815248423741
2011;Judiciario;12,5 - 15 mil;0.09652119842474409
2011;Judiciario;15 - 17,5 mil;0.07182926258499762
2011;Judiciario;17,5 - 20 mil;0.05172402265266142
2011;Judiciario;20 - 22,5 mil;0.029673114339776548
2011;Judiciario;22,5 - 25 mil;0.022288266483020534
2011;Judiciario;25 - 27,5 mil;0.020977781938046173
2011;Judiciario;27,5 - 30 mil;0.013616335591021843
2011;Judiciario;> 30 mil;0.020045064621597587
2011;Legislativo;< 2,5 mil;0.41095666784788554
2011;Legislativo;2,5 - 5 mil;0.24585013915820236
2011;Legislativo;5 - 7,5 mil;0.12099397578368565
2011;Legislativo;7,5 - 10 mil;0.062714759529052
2011;Legislativo;10 - 12,5 mil;0.042380540945160916
2011;Legislativo;12,5 - 15 mil;0.030953243640330794
2011;Legislativo;15 - 17,5 mil;0.0219587263540551
2011;Legislativo;17,5 - 20 mil;0.017523183079636715
2011;Legislativo;20 - 22,5 mil;0.012912447790788881
2011;Legislativo;22,5 - 25 mil;0.009639542430311404
2011;Legislativo;25 - 27,5 mil;0.007772154821961115
2011;Legislativo;27,5 - 30 mil;0.007027588760635947
2011;Legislativo;> 30 mil;0.00931702985829355
2010;Executivo;< 2,5 mil;0.5707909849824492
2010;Executivo;2,5 - 5 mil;0.26247319817256737
2010;Executivo;5 - 7,5 mil;0.0836100271040951
2010;Executivo;7,5 - 10 mil;0.03291402979795729
2010;Executivo;10 - 12,5 mil;0.018471675819632646
2010;Executivo;12,5 - 15 mil;0.0098658540683197
2010;Executivo;15 - 17,5 mil;0.006156413135075525
2010;Executivo;17,5 - 20 mil;0.005434219298209104
2010;Executivo;20 - 22,5 mil;0.0028329408506598775
2010;Executivo;22,5 - 25 mil;0.0017319860909162249
2010;Executivo;25 - 27,5 mil;0.0014742337502072222
2010;Executivo;27,5 - 30 mil;0.0015379865938327652
2010;Executivo;> 30 mil;0.002706450336077988
2010;Judiciario;< 2,5 mil;0.04297583533795659
2010;Judiciario;2,5 - 5 mil;0.17660525416744444
2010;Judiciario;5 - 7,5 mil;0.19583554927851174
2010;Judiciario;7,5 - 10 mil;0.15015127127747624
2010;Judiciario;10 - 12,5 mil;0.10960916010101188
2010;Judiciario;12,5 - 15 mil;0.08496550169585844
2010;Judiciario;15 - 17,5 mil;0.0744275817375593
2010;Judiciario;17,5 - 20 mil;0.05214016278832235
2010;Judiciario;20 - 22,5 mil;0.034875161573221285
2010;Judiciario;22,5 - 25 mil;0.022326161302024815
2010;Judiciario;25 - 27,5 mil;0.019892437140532602
2010;Judiciario;27,5 - 30 mil;0.019110546020632065
2010;Judiciario;> 30 mil;0.017085377579448238
2010;Legislativo;< 2,5 mil;0.41536694714989286
2010;Legislativo;2,5 - 5 mil;0.23521720886061973
2010;Legislativo;5 - 7,5 mil;0.11691954327613242
2010;Legislativo;7,5 - 10 mil;0.06311093442876389
2010;Legislativo;10 - 12,5 mil;0.040283575167296096
2010;Legislativo;12,5 - 15 mil;0.03173656662028755
2010;Legislativo;15 - 17,5 mil;0.02391837275558206
2010;Legislativo;17,5 - 20 mil;0.017990680006183882
2010;Legislativo;20 - 22,5 mil;0.014730890699882948
2010;Legislativo;22,5 - 25 mil;0.010437509662315865
2010;Legislativo;25 - 27,5 mil;0.01062744318558272
2010;Legislativo;27,5 - 30 mil;0.008538174429647298
2010;Legislativo;> 30 mil;0.011122153757812673
2009;Executivo;< 2,5 mil;0.5853890367383551
2009;Executivo;2,5 - 5 mil;0.2595647276861526
2009;Executivo;5 - 7,5 mil;0.07846843119517288
2009;Executivo;7,5 - 10 mil;0.031028534899868843
2009;Executivo;10 - 12,5 mil;0.01641952161206881
2009;Executivo;12,5 - 15 mil;0.008631919545774788
2009;Executivo;15 - 17,5 mil;0.006662128031891398
2009;Executivo;17,5 - 20 mil;0.0037730934130731334
2009;Executivo;20 - 22,5 mil;0.0029722264377453895
2009;Executivo;22,5 - 25 mil;0.0018583038788371035
2009;Executivo;25 - 27,5 mil;0.0014536843060170257
2009;Executivo;27,5 - 30 mil;0.002478056435634331
2009;Executivo;> 30 mil;0.0013003358194086832
2009;Judiciario;< 2,5 mil;0.041507483897163314
2009;Judiciario;2,5 - 5 mil;0.18372552276544304
2009;Judiciario;5 - 7,5 mil;0.19461454699813593
2009;Judiciario;7,5 - 10 mil;0.1452263625122271
2009;Judiciario;10 - 12,5 mil;0.10660170164073603
2009;Judiciario;12,5 - 15 mil;0.0810180314858904
2009;Judiciario;15 - 17,5 mil;0.06747503829614454
2009;Judiciario;17,5 - 20 mil;0.05712123728844841
2009;Judiciario;20 - 22,5 mil;0.038218629459424544
2009;Judiciario;22,5 - 25 mil;0.024310207998818816
2009;Judiciario;25 - 27,5 mil;0.01796504438661573
2009;Judiciario;27,5 - 30 mil;0.019463669416606686
2009;Judiciario;> 30 mil;0.02275252385434546
2009;Legislativo;< 2,5 mil;0.4046045114054763
2009;Legislativo;2,5 - 5 mil;0.24699310169706717
2009;Legislativo;5 - 7,5 mil;0.1202928604680689
2009;Legislativo;7,5 - 10 mil;0.061936603326420925
2009;Legislativo;10 - 12,5 mil;0.04103855431884549
2009;Legislativo;12,5 - 15 mil;0.03145287570358458
2009;Legislativo;15 - 17,5 mil;0.022709382538406195
2009;Legislativo;17,5 - 20 mil;0.016733674721740234
2009;Legislativo;20 - 22,5 mil;0.013563841042786406
2009;Legislativo;22,5 - 25 mil;0.010207795505522874
2009;Legislativo;25 - 27,5 mil;0.010212027593211732
2009;Legislativo;27,5 - 30 mil;0.009742265859748614
2009;Legislativo;> 30 mil;0.010512505819120572
2008;Executivo;< 2,5 mil;0.5986292779357041
2008;Executivo;2,5 - 5 mil;0.25950273372740923
2008;Executivo;5 - 7,5 mil;0.07359489023652788
2008;Executivo;7,5 - 10 mil;0.027558018368426477
2008;Executivo;10 - 12,5 mil;0.014397224878922697
2008;Executivo;12,5 - 15 mil;0.00907642065845899
2008;Executivo;15 - 17,5 mil;0.005477224207140018
2008;Executivo;17,5 - 20 mil;0.0030285104788767706
2008;Executivo;20 - 22,5 mil;0.0027993140352415877
2008;Executivo;22,5 - 25 mil;0.0016906530770445822
2008;Executivo;25 - 27,5 mil;0.0013331373601289736
2008;Executivo;27,5 - 30 mil;0.0018614527256539425
2008;Executivo;> 30 mil;0.0010511423104648044
2008;Judiciario;< 2,5 mil;0.05731041864712531
2008;Judiciario;2,5 - 5 mil;0.18457375539869908
2008;Judiciario;5 - 7,5 mil;0.19696175812331115
2008;Judiciario;7,5 - 10 mil;0.1429148858133042
2008;Judiciario;10 - 12,5 mil;0.10969183439747898
2008;Judiciario;12,5 - 15 mil;0.07895386872459711
2008;Judiciario;15 - 17,5 mil;0.07015501845101312
2008;Judiciario;17,5 - 20 mil;0.05039035307679065
2008;Judiciario;20 - 22,5 mil;0.03533387725772285
2008;Judiciario;22,5 - 25 mil;0.022638981414253315
2008;Judiciario;25 - 27,5 mil;0.01836867594332208
2008;Judiciario;27,5 - 30 mil;0.0174741947798229
2008;Judiciario;> 30 mil;0.015232377972559264
2008;Legislativo;< 2,5 mil;0.4068007230004519
2008;Legislativo;2,5 - 5 mil;0.24224751468594669
2008;Legislativo;5 - 7,5 mil;0.1185184139177587
2008;Legislativo;7,5 - 10 mil;0.06618090073806296
2008;Legislativo;10 - 12,5 mil;0.04329059346287092
2008;Legislativo;12,5 - 15 mil;0.03264798915499322
2008;Legislativo;15 - 17,5 mil;0.022518451574032233
2008;Legislativo;17,5 - 20 mil;0.016173369483355928
2008;Legislativo;20 - 22,5 mil;0.012600730531706582
2008;Legislativo;22,5 - 25 mil;0.009837701461063414
2008;Legislativo;25 - 27,5 mil;0.009061040819400512
2008;Legislativo;27,5 - 30 mil;0.008693892152432596
2008;Legislativo;> 30 mil;0.011428679017924387
2007;Executivo;< 2,5 mil;0.6089987965335666
2007;Executivo;2,5 - 5 mil;0.2562376500012803
2007;Executivo;5 - 7,5 mil;0.0698614503670854
2007;Executivo;7,5 - 10 mil;0.025737945614707713
2007;Executivo;10 - 12,5 mil;0.014613258523443941
2007;Executivo;12,5 - 15 mil;0.008382928528377912
2007;Executivo;15 - 17,5 mil;0.004942353372237874
2007;Executivo;17,5 - 20 mil;0.003581348922707509
2007;Executivo;20 - 22,5 mil;0.0023291972714691188
2007;Executivo;22,5 - 25 mil;0.00135434467917073
2007;Executivo;25 - 27,5 mil;0.0015300248283128424
2007;Executivo;27,5 - 30 mil;0.001609023483613348
2007;Executivo;> 30 mil;0.0008216778740267693
2007;Judiciario;< 2,5 mil;0.05462635109951547
2007;Judiciario;2,5 - 5 mil;0.1911650515591999
2007;Judiciario;5 - 7,5 mil;0.21781044229096783
2007;Judiciario;7,5 - 10 mil;0.13965244129705554
2007;Judiciario;10 - 12,5 mil;0.11308469996272828
2007;Judiciario;12,5 - 15 mil;0.07399599329109206
2007;Judiciario;15 - 17,5 mil;0.0664756491489626
2007;Judiciario;17,5 - 20 mil;0.04608879985091316
2007;Judiciario;20 - 22,5 mil;0.0304230339172568
2007;Judiciario;22,5 - 25 mil;0.021664181885948566
2007;Judiciario;25 - 27,5 mil;0.019823891166604546
2007;Judiciario;27,5 - 30 mil;0.012482140638588645
2007;Judiciario;> 30 mil;0.012707323891166605
2007;Legislativo;< 2,5 mil;0.4088095647766219
2007;Legislativo;2,5 - 5 mil;0.24336050669878487
2007;Legislativo;5 - 7,5 mil;0.12023400406437902
2007;Legislativo;7,5 - 10 mil;0.06944321727686606
2007;Legislativo;10 - 12,5 mil;0.045531275722078324
2007;Legislativo;12,5 - 15 mil;0.03201744799780505
2007;Legislativo;15 - 17,5 mil;0.021414720120536274
2007;Legislativo;17,5 - 20 mil;0.014350885188268174
2007;Legislativo;20 - 22,5 mil;0.010686433623668265
2007;Legislativo;22,5 - 25 mil;0.008835606564390645
2007;Legislativo;25 - 27,5 mil;0.007728830584219607
2007;Legislativo;27,5 - 30 mil;0.007407958556354894
2007;Legislativo;> 30 mil;0.010179548826026907
2006;Executivo;< 2,5 mil;0.6226822352558535
2006;Executivo;2,5 - 5 mil;0.25384553601607995
2006;Executivo;5 - 7,5 mil;0.0629450373827488
2006;Executivo;7,5 - 10 mil;0.0239037899817918
2006;Executivo;10 - 12,5 mil;0.013964599188945655
2006;Executivo;12,5 - 15 mil;0.007486544341807976
2006;Executivo;15 - 17,5 mil;0.005049431639404135
2006;Executivo;17,5 - 20 mil;0.0033049555427726585
2006;Executivo;20 - 22,5 mil;0.0019223314976616892
2006;Executivo;22,5 - 25 mil;0.0018628456695581515
2006;Executivo;25 - 27,5 mil;0.001509904450587567
2006;Executivo;27,5 - 30 mil;0.0008013728462126372
2006;Executivo;> 30 mil;0.0007214161865754936
2006;Judiciario;< 2,5 mil;0.0710953767647823
2006;Judiciario;2,5 - 5 mil;0.1967133656206256
2006;Judiciario;5 - 7,5 mil;0.22910664500393574
2006;Judiciario;7,5 - 10 mil;0.14461811681588876
2006;Judiciario;10 - 12,5 mil;0.09968087540181393
2006;Judiciario;12,5 - 15 mil;0.07003292062987362
2006;Judiciario;15 - 17,5 mil;0.05854753715688289
2006;Judiciario;17,5 - 20 mil;0.04301008557812736
2006;Judiciario;20 - 22,5 mil;0.027057733245958594
2006;Judiciario;22,5 - 25 mil;0.01965931607294498
2006;Judiciario;25 - 27,5 mil;0.016782153838995242
2006;Judiciario;27,5 - 30 mil;0.0110704827195775
2006;Judiciario;> 30 mil;0.012625391150593463
2006;Legislativo;< 2,5 mil;0.40655058781617387
2006;Legislativo;2,5 - 5 mil;0.24274692732454578
2006;Legislativo;5 - 7,5 mil;0.123285536159601
2006;Legislativo;7,5 - 10 mil;0.06696428571428571
2006;Legislativo;10 - 12,5 mil;0.04916280726754542
2006;Legislativo;12,5 - 15 mil;0.03049853045956537
2006;Legislativo;15 - 17,5 mil;0.020723859992874957
2006;Legislativo;17,5 - 20 mil;0.01319246526540791
2006;Legislativo;20 - 22,5 mil;0.011004853936587103
2006;Legislativo;22,5 - 25 mil;0.008995368721054506
2006;Legislativo;25 - 27,5 mil;0.007993409333808337
2006;Legislativo;27,5 - 30 mil;0.007754052369077307
2006;Legislativo;> 30 mil;0.011127315639472746
2005;Executivo;< 2,5 mil;0.6573278053845697
2005;Executivo;2,5 - 5 mil;0.23641679864765258
2005;Executivo;5 - 7,5 mil;0.055771093739360005
2005;Executivo;7,5 - 10 mil;0.01971460541068796
2005;Executivo;10 - 12,5 mil;0.012429484096158612
2005;Executivo;12,5 - 15 mil;0.006408401844012921
2005;Executivo;15 - 17,5 mil;0.004301500363836035
2005;Executivo;17,5 - 20 mil;0.0022438570769068044
2005;Executivo;20 - 22,5 mil;0.0019420710919192251
2005;Executivo;22,5 - 25 mil;0.001472654511305901
2005;Executivo;25 - 27,5 mil;0.0011030271387188365
2005;Executivo;27,5 - 30 mil;0.00046241606219311475
2005;Executivo;> 30 mil;0.0004062846326783436
2005;Judiciario;< 2,5 mil;0.08705960819719467
2005;Judiciario;2,5 - 5 mil;0.19367682165529976
2005;Judiciario;5 - 7,5 mil;0.21809841025828727
2005;Judiciario;7,5 - 10 mil;0.14715989735205723
2005;Judiciario;10 - 12,5 mil;0.08719788197113332
2005;Judiciario;12,5 - 15 mil;0.07016173964675118
2005;Judiciario;15 - 17,5 mil;0.05541931521946895
2005;Judiciario;17,5 - 20 mil;0.037370520844771424
2005;Judiciario;20 - 22,5 mil;0.024275181077640724
2005;Judiciario;22,5 - 25 mil;0.021847256282306243
2005;Judiciario;25 - 27,5 mil;0.015657471460699745
2005;Judiciario;27,5 - 30 mil;0.014970169466710589
2005;Judiciario;> 30 mil;0.02710572656767891
2005;Legislativo;< 2,5 mil;0.4107370917715745
2005;Legislativo;2,5 - 5 mil;0.23990261813537675
2005;Legislativo;5 - 7,5 mil;0.11952084473636197
2005;Legislativo;7,5 - 10 mil;0.0671011220580186
2005;Legislativo;10 - 12,5 mil;0.046855044699872284
2005;Legislativo;12,5 - 15 mil;0.03260696040868455
2005;Legislativo;15 - 17,5 mil;0.02015485312899106
2005;Legislativo;17,5 - 20 mil;0.015924329501915708
2005;Legislativo;20 - 22,5 mil;0.011608283160007298
2005;Legislativo;22,5 - 25 mil;0.010941205984309433
2005;Legislativo;25 - 27,5 mil;0.007879492793285897
2005;Legislativo;27,5 - 30 mil;0.007719850392264185
2005;Legislativo;> 30 mil;0.009048303229337713
2004;Executivo;< 2,5 mil;0.6637926914478668
2004;Executivo;2,5 - 5 mil;0.233995070744245
2004;Executivo;5 - 7,5 mil;0.05321858080046606
2004;Executivo;7,5 - 10 mil;0.02002793832316128
2004;Executivo;10 - 12,5 mil;0.011191482442563436
2004;Executivo;12,5 - 15 mil;0.006773921988960838
2004;Executivo;15 - 17,5 mil;0.003777574209168437
2004;Executivo;17,5 - 20 mil;0.0025879794189822003
2004;Executivo;20 - 22,5 mil;0.0019335754619074687
2004;Executivo;22,5 - 25 mil;0.0010243250841767474
2004;Executivo;25 - 27,5 mil;0.000662814289448397
2004;Executivo;27,5 - 30 mil;0.0005945971490842216
2004;Executivo;> 30 mil;0.00041944863996915677
2004;Judiciario;< 2,5 mil;0.11432182229238365
2004;Judiciario;2,5 - 5 mil;0.19423296411126514
2004;Judiciario;5 - 7,5 mil;0.21009362468788126
2004;Judiciario;7,5 - 10 mil;0.1393350504418858
2004;Judiciario;10 - 12,5 mil;0.08812789980715326
2004;Judiciario;12,5 - 15 mil;0.06963910109804573
2004;Judiciario;15 - 17,5 mil;0.05196804253997962
2004;Judiciario;17,5 - 20 mil;0.03361480503238164
2004;Judiciario;20 - 22,5 mil;0.02217081585978599
2004;Judiciario;22,5 - 25 mil;0.0205878108615133
2004;Judiciario;25 - 27,5 mil;0.016945150188692446
2004;Judiciario;27,5 - 30 mil;0.01847130694117081
2004;Judiciario;> 30 mil;0.02049160613786137
2004;Legislativo;< 2,5 mil;0.40951218231463976
2004;Legislativo;2,5 - 5 mil;0.23815243646292797
2004;Legislativo;5 - 7,5 mil;0.11661153119092628
2004;Legislativo;7,5 - 10 mil;0.06817764125183785
2004;Legislativo;10 - 12,5 mil;0.05059992648603234
2004;Legislativo;12,5 - 15 mil;0.034886315900021
2004;Legislativo;15 - 17,5 mil;0.020413253518168452
2004;Legislativo;17,5 - 20 mil;0.014971907162360848
2004;Legislativo;20 - 22,5 mil;0.013317842890149128
2004;Legislativo;22,5 - 25 mil;0.009701218231463977
2004;Legislativo;25 - 27,5 mil;0.00754174543163201
2004;Legislativo;27,5 - 30 mil;0.0063930896870405375
2004;Legislativo;> 30 mil;0.009720909472799832
2003;Executivo;< 2,5 mil;0.6731051355885928
2003;Executivo;2,5 - 5 mil;0.23075188311543934
2003;Executivo;5 - 7,5 mil;0.04915620767625288
2003;Executivo;7,5 - 10 mil;0.01970001901655545
2003;Executivo;10 - 12,5 mil;0.01031465148951279
2003;Executivo;12,5 - 15 mil;0.006010032510438045
2003;Executivo;15 - 17,5 mil;0.003839217440432401
2003;Executivo;17,5 - 20 mil;0.003009228346295756
2003;Executivo;20 - 22,5 mil;0.001840614749859102
2003;Executivo;22,5 - 25 mil;0.0009801052580844874
2003;Executivo;25 - 27,5 mil;0.0005600009611853735
2003;Executivo;27,5 - 30 mil;0.0003418008332759062
2003;Executivo;> 30 mil;0.00039110301407570356
2003;Judiciario;< 2,5 mil;0.10615804455949639
2003;Judiciario;2,5 - 5 mil;0.19766657766232357
2003;Judiciario;5 - 7,5 mil;0.2291831664124763
2003;Judiciario;7,5 - 10 mil;0.13912283957042582
2003;Judiciario;10 - 12,5 mil;0.0904133271181148
2003;Judiciario;12,5 - 15 mil;0.06495205079583459
2003;Judiciario;15 - 17,5 mil;0.05012151355656829
2003;Judiciario;17,5 - 20 mil;0.030493793078479204
2003;Judiciario;20 - 22,5 mil;0.021198119142118815
2003;Judiciario;22,5 - 25 mil;0.016500500083724425
2003;Judiciario;25 - 27,5 mil;0.015930268868543603
2003;Judiciario;27,5 - 30 mil;0.01664984635436702
2003;Judiciario;> 30 mil;0.02160995279752719
2003;Legislativo;< 2,5 mil;0.40553497635374025
2003;Legislativo;2,5 - 5 mil;0.23724107507768558
2003;Legislativo;5 - 7,5 mil;0.12249995134514458
2003;Legislativo;7,5 - 10 mil;0.06955698132302283
2003;Legislativo;10 - 12,5 mil;0.05317002601412937
2003;Legislativo;12,5 - 15 mil;0.0339027032637677
2003;Legislativo;15 - 17,5 mil;0.019338683204992636
2003;Legislativo;17,5 - 20 mil;0.014343451380824797
2003;Legislativo;20 - 22,5 mil;0.012131277287264753
2003;Legislativo;22,5 - 25 mil;0.00952986435026306
2003;Legislativo;25 - 27,5 mil;0.006578136454163883
2003;Legislativo;27,5 - 30 mil;0.0065586745119918
2003;Legislativo;> 30 mil;0.00961419943300875
2002;Executivo;< 2,5 mil;0.6336125125876798
2002;Executivo;2,5 - 5 mil;0.24905935637012716
2002;Executivo;5 - 7,5 mil;0.06246548080455299
2002;Executivo;7,5 - 10 mil;0.022914201179222667
2002;Executivo;10 - 12,5 mil;0.011769747398451321
2002;Executivo;12,5 - 15 mil;0.006169563694442413
2002;Executivo;15 - 17,5 mil;0.004747109635383395
2002;Executivo;17,5 - 20 mil;0.003585301289086542
2002;Executivo;20 - 22,5 mil;0.002520096894190076
2002;Executivo;22,5 - 25 mil;0.0013264192031013425
2002;Executivo;25 - 27,5 mil;0.0008388466825577085
2002;Executivo;27,5 - 30 mil;0.0005221450686883972
2002;Executivo;> 30 mil;0.0004692191925161673
2002;Judiciario;< 2,5 mil;0.10461343816366184
2002;Judiciario;2,5 - 5 mil;0.20230445980750983
2002;Judiciario;5 - 7,5 mil;0.23183317518413085
2002;Judiciario;7,5 - 10 mil;0.13550223668157788
2002;Judiciario;10 - 12,5 mil;0.08551353305318332
2002;Judiciario;12,5 - 15 mil;0.06203515430843613
2002;Judiciario;15 - 17,5 mil;0.04476526139803895
2002;Judiciario;17,5 - 20 mil;0.035271790700826894
2002;Judiciario;20 - 22,5 mil;0.023758528760562107
2002;Judiciario;22,5 - 25 mil;0.020021689033482445
2002;Judiciario;25 - 27,5 mil;0.015923365415028694
2002;Judiciario;27,5 - 30 mil;0.01483891374090642
2002;Judiciario;> 30 mil;0.023618453752654648
2002;Legislativo;< 2,5 mil;0.35964852115198487
2002;Legislativo;2,5 - 5 mil;0.24163789752852147
2002;Legislativo;5 - 7,5 mil;0.1262793692890403
2002;Legislativo;7,5 - 10 mil;0.07089782573904296
2002;Legislativo;10 - 12,5 mil;0.05361347996067583
2002;Legislativo;12,5 - 15 mil;0.034187643369380495
2002;Legislativo;15 - 17,5 mil;0.031184983653032763
2002;Legislativo;17,5 - 20 mil;0.01940297370005411
2002;Legislativo;20 - 22,5 mil;0.015783015920193266
2002;Legislativo;22,5 - 25 mil;0.013435759086094028
2002;Legislativo;25 - 27,5 mil;0.011949671155414314
2002;Legislativo;27,5 - 30 mil;0.009754833596256583
2002;Legislativo;> 30 mil;0.01222402585030903
2001;Executivo;< 2,5 mil;0.6336329784378447
2001;Executivo;2,5 - 5 mil;0.25026121059652917
2001;Executivo;5 - 7,5 mil;0.05981427317207539
2001;Executivo;7,5 - 10 mil;0.022606249942987527
2001;Executivo;10 - 12,5 mil;0.012288973465908334
2001;Executivo;12,5 - 15 mil;0.006689413834000311
2001;Executivo;15 - 17,5 mil;0.004521967784998444
2001;Executivo;17,5 - 20 mil;0.004058690024559105
2001;Executivo;20 - 22,5 mil;0.002527839658639958
2001;Executivo;22,5 - 25 mil;0.001480754158770283
2001;Executivo;25 - 27,5 mil;0.0010032700112290274
2001;Executivo;27,5 - 30 mil;0.0006334553238286124
2001;Executivo;> 30 mil;0.00048092358862908814
2001;Judiciario;< 2,5 mil;0.10932212080812224
2001;Judiciario;2,5 - 5 mil;0.19601253018338446
2001;Judiciario;5 - 7,5 mil;0.2410988150399493
2001;Judiciario;7,5 - 10 mil;0.1284390412172178
2001;Judiciario;10 - 12,5 mil;0.08413123129562469
2001;Judiciario;12,5 - 15 mil;0.05728549985549267
2001;Judiciario;15 - 17,5 mil;0.044932454480193174
2001;Judiciario;17,5 - 20 mil;0.0325887321580071
2001;Judiciario;20 - 22,5 mil;0.026580024426399156
2001;Judiciario;22,5 - 25 mil;0.021181976673721112
2001;Judiciario;25 - 27,5 mil;0.017890938924679054
2001;Judiciario;27,5 - 30 mil;0.01644586569209685
2001;Judiciario;> 30 mil;0.02409076924511239
2001;Legislativo;< 2,5 mil;0.3294509286182905
2001;Legislativo;2,5 - 5 mil;0.2389298818269441
2001;Legislativo;5 - 7,5 mil;0.12964207900342611
2001;Legislativo;7,5 - 10 mil;0.08114171857155585
2001;Legislativo;10 - 12,5 mil;0.061759393502506824
2001;Legislativo;12,5 - 15 mil;0.04123502587819833
2001;Legislativo;15 - 17,5 mil;0.03430987421332707
2001;Legislativo;17,5 - 20 mil;0.025254529697156233
2001;Legislativo;20 - 22,5 mil;0.015842803107003717
2001;Legislativo;22,5 - 25 mil;0.012287081959777423
2001;Legislativo;25 - 27,5 mil;0.010399876886192625
2001;Legislativo;27,5 - 30 mil;0.009168738812437734
2001;Legislativo;> 30 mil;0.010578067923183464
2000;Executivo;< 2,5 mil;0.62633373817327
2000;Executivo;2,5 - 5 mil;0.26028766471550024
2000;Executivo;5 - 7,5 mil;0.058485585035802604
2000;Executivo;7,5 - 10 mil;0.022812893546880875
2000;Executivo;10 - 12,5 mil;0.011550566423373335
2000;Executivo;12,5 - 15 mil;0.007063757080884115
2000;Executivo;15 - 17,5 mil;0.004136218167789369
2000;Executivo;17,5 - 20 mil;0.003214199684483728
2000;Executivo;20 - 22,5 mil;0.00224482534687374
2000;Executivo;22,5 - 25 mil;0.0017658998070091084
2000;Executivo;25 - 27,5 mil;0.0011190188372117251
2000;Executivo;27,5 - 30 mil;0.0005829505664865144
2000;Executivo;> 30 mil;0.00040268261443463264
2000;Judiciario;< 2,5 mil;0.10679339165346614
2000;Judiciario;2,5 - 5 mil;0.20214633310975696
2000;Judiciario;5 - 7,5 mil;0.23788525299806393
2000;Judiciario;7,5 - 10 mil;0.1225008205728312
2000;Judiciario;10 - 12,5 mil;0.08428353288713199
2000;Judiciario;12,5 - 15 mil;0.053506105537558454
2000;Judiciario;15 - 17,5 mil;0.046703675690589336
2000;Judiciario;17,5 - 20 mil;0.03518711439023114
2000;Judiciario;20 - 22,5 mil;0.029093469191652514
2000;Judiciario;22,5 - 25 mil;0.02222444212939839
2000;Judiciario;25 - 27,5 mil;0.01816676894096157
2000;Judiciario;27,5 - 30 mil;0.019498713246661813
2000;Judiciario;> 30 mil;0.022010379651696565
2000;Legislativo;< 2,5 mil;0.2892285155377703
2000;Legislativo;2,5 - 5 mil;0.23604548337248668
2000;Legislativo;5 - 7,5 mil;0.14276526756764
2000;Legislativo;7,5 - 10 mil;0.08763498968317061
2000;Legislativo;10 - 12,5 mil;0.06533098711066251
2000;Legislativo;12,5 - 15 mil;0.04938679624485275
2000;Legislativo;15 - 17,5 mil;0.03835538127607121
2000;Legislativo;17,5 - 20 mil;0.026314614168445688
2000;Legislativo;20 - 22,5 mil;0.02008878725893902
2000;Legislativo;22,5 - 25 mil;0.012942931408716158
2000;Legislativo;25 - 27,5 mil;0.0107991746536493
2000;Legislativo;27,5 - 30 mil;0.0096737023572392
2000;Legislativo;> 30 mil;0.011433369360356578
1999;Executivo;< 2,5 mil;0.6548582431279142
1999;Executivo;2,5 - 5 mil;0.23704570698868285
1999;Executivo;5 - 7,5 mil;0.05504727723066178
1999;Executivo;7,5 - 10 mil;0.022886919318286618
1999;Executivo;10 - 12,5 mil;0.011245918859120147
1999;Executivo;12,5 - 15 mil;0.00631610073816337
1999;Executivo;15 - 17,5 mil;0.004515706242110363
1999;Executivo;17,5 - 20 mil;0.0029018735390804666
1999;Executivo;20 - 22,5 mil;0.00251492453681196
1999;Executivo;22,5 - 25 mil;0.0011416540760498736
1999;Executivo;25 - 27,5 mil;0.000685090036803258
1999;Executivo;27,5 - 30 mil;0.0004612809459577492
1999;Executivo;> 30 mil;0.00037930436035735936
1999;Judiciario;< 2,5 mil;0.11116649806227122
1999;Judiciario;2,5 - 5 mil;0.2185650544176795
1999;Judiciario;5 - 7,5 mil;0.2332360803632081
1999;Judiciario;7,5 - 10 mil;0.12667321535912737
1999;Judiciario;10 - 12,5 mil;0.07916098543160281
1999;Judiciario;12,5 - 15 mil;0.058288249984116976
1999;Judiciario;15 - 17,5 mil;0.04401796492051158
1999;Judiciario;17,5 - 20 mil;0.03622795314263932
1999;Judiciario;20 - 22,5 mil;0.028569892630766147
1999;Judiciario;22,5 - 25 mil;0.01979268989986365
1999;Judiciario;25 - 27,5 mil;0.01687021371218008
1999;Judiciario;27,5 - 30 mil;0.013825560426349201
1999;Judiciario;> 30 mil;0.01360564164968405
1999;Legislativo;< 2,5 mil;0.2922696203346795
1999;Legislativo;2,5 - 5 mil;0.2242757656323309
1999;Legislativo;5 - 7,5 mil;0.1410566600123274
1999;Legislativo;7,5 - 10 mil;0.08427705356896441
1999;Legislativo;10 - 12,5 mil;0.06589635789919136
1999;Legislativo;12,5 - 15 mil;0.049760351790691895
1999;Legislativo;15 - 17,5 mil;0.04076319445083302
1999;Legislativo;17,5 - 20 mil;0.03032170817195794
1999;Legislativo;20 - 22,5 mil;0.021508541779744438
1999;Legislativo;22,5 - 25 mil;0.016154405203264
1999;Legislativo;25 - 27,5 mil;0.01264017810323732
1999;Legislativo;27,5 - 30 mil;0.0111130532377807
1999;Legislativo;> 30 mil;0.009963109814997102
1998;Executivo;< 2,5 mil;0.6443615633503877
1998;Executivo;2,5 - 5 mil;0.24025214650367158
1998;Executivo;5 - 7,5 mil;0.06125100171266781
1998;Executivo;7,5 - 10 mil;0.022597093213461376
1998;Executivo;10 - 12,5 mil;0.012633451460253471
1998;Executivo;12,5 - 15 mil;0.006058338496970092
1998;Executivo;15 - 17,5 mil;0.004788667177032801
1998;Executivo;17,5 - 20 mil;0.0032327570271057657
1998;Executivo;20 - 22,5 mil;0.0020472156043870454
1998;Executivo;22,5 - 25 mil;0.001103547636171715
1998;Executivo;25 - 27,5 mil;0.0007686712093524841
1998;Executivo;27,5 - 30 mil;0.000515624252874753
1998;Executivo;> 30 mil;0.0003899223556634127
1998;Judiciario;< 2,5 mil;0.11382026329679565
1998;Judiciario;2,5 - 5 mil;0.21463967080213794
1998;Judiciario;5 - 7,5 mil;0.21946694953905124
1998;Judiciario;7,5 - 10 mil;0.13898668142522586
1998;Judiciario;10 - 12,5 mil;0.09202064148487504
1998;Judiciario;12,5 - 15 mil;0.06110965916952357
1998;Judiciario;15 - 17,5 mil;0.04591039299788358
1998;Judiciario;17,5 - 20 mil;0.03177702276815226
1998;Judiciario;20 - 22,5 mil;0.022568296770027824
1998;Judiciario;22,5 - 25 mil;0.016567507597070836
1998;Judiciario;25 - 27,5 mil;0.015445242158234302
1998;Judiciario;27,5 - 30 mil;0.014107747731127749
1998;Judiciario;> 30 mil;0.013579924259894127
1998;Legislativo;< 2,5 mil;0.2857287973751308
1998;Legislativo;2,5 - 5 mil;0.22204727608870106
1998;Legislativo;5 - 7,5 mil;0.13773452657883242
1998;Legislativo;7,5 - 10 mil;0.08726877482400984
1998;Legislativo;10 - 12,5 mil;0.0702640106457544
1998;Legislativo;12,5 - 15 mil;0.046179007141188305
1998;Legislativo;15 - 17,5 mil;0.04451306847617403
1998;Legislativo;17,5 - 20 mil;0.03130745710715846
1998;Legislativo;20 - 22,5 mil;0.024034212691608343
1998;Legislativo;22,5 - 25 mil;0.0162124274961145
1998;Legislativo;25 - 27,5 mil;0.01247422366242394
1998;Legislativo;27,5 - 30 mil;0.010706703371494165
1998;Legislativo;> 30 mil;0.01152951454140975
1997;Executivo;< 2,5 mil;0.6784900560124005
1997;Executivo;2,5 - 5 mil;0.21701792414461768
1997;Executivo;5 - 7,5 mil;0.05586524558027841
1997;Executivo;7,5 - 10 mil;0.020968876020181756
1997;Executivo;10 - 12,5 mil;0.010503405825677836
1997;Executivo;12,5 - 15 mil;0.005663701511867236
1997;Executivo;15 - 17,5 mil;0.0039403651877946075
1997;Executivo;17,5 - 20 mil;0.002740187684329673
1997;Executivo;20 - 22,5 mil;0.0018823130854107503
1997;Executivo;22,5 - 25 mil;0.0011781219039452174
1997;Executivo;25 - 27,5 mil;0.000760653516236009
1997;Executivo;27,5 - 30 mil;0.0005229823758115358
1997;Executivo;> 30 mil;0.0004661671514487441
1997;Judiciario;< 2,5 mil;0.11637139830286247
1997;Judiciario;2,5 - 5 mil;0.23465181409106642
1997;Judiciario;5 - 7,5 mil;0.2428018502784858
1997;Judiciario;7,5 - 10 mil;0.14589823468328142
1997;Judiciario;10 - 12,5 mil;0.08733754995437239
1997;Judiciario;12,5 - 15 mil;0.0524979808468905
1997;Judiciario;15 - 17,5 mil;0.03178723895234799
1997;Judiciario;17,5 - 20 mil;0.021544625905996623
1997;Judiciario;20 - 22,5 mil;0.017485341472880413
1997;Judiciario;22,5 - 25 mil;0.014238962837093678
1997;Judiciario;25 - 27,5 mil;0.013069427399645468
1997;Judiciario;27,5 - 30 mil;0.01095062777305768
1997;Judiciario;> 30 mil;0.011364947502019154
1997;Legislativo;< 2,5 mil;0.28194792346391057
1997;Legislativo;2,5 - 5 mil;0.21764161071000063
1997;Legislativo;5 - 7,5 mil;0.14468394131391163
1997;Legislativo;7,5 - 10 mil;0.09115498768602522
1997;Legislativo;10 - 12,5 mil;0.06583240364577851
1997;Legislativo;12,5 - 15 mil;0.05432883575052098
1997;Legislativo;15 - 17,5 mil;0.0447723493379923
1997;Legislativo;17,5 - 20 mil;0.02891152882733071
1997;Legislativo;20 - 22,5 mil;0.023238680615488245
1997;Legislativo;22,5 - 25 mil;0.015976592923148167
1997;Legislativo;25 - 27,5 mil;0.012471846254236217
1997;Legislativo;27,5 - 30 mil;0.009830130296587872
1997;Legislativo;> 30 mil;0.009209169175068936
1996;Executivo;< 2,5 mil;0.6882265131268135
1996;Executivo;2,5 - 5 mil;0.2066436421261114
1996;Executivo;5 - 7,5 mil;0.05720014004986147
1996;Executivo;7,5 - 10 mil;0.020343172229500096
1996;Executivo;10 - 12,5 mil;0.010832227347131606
1996;Executivo;12,5 - 15 mil;0.0055660521424660435
1996;Executivo;15 - 17,5 mil;0.0033909161428208176
1996;Executivo;17,5 - 20 mil;0.003099801262236928
1996;Executivo;20 - 22,5 mil;0.0018968959786448995
1996;Executivo;22,5 - 25 mil;0.0010872103648341808
1996;Executivo;25 - 27,5 mil;0.0007984201116751014
1996;Executivo;27,5 - 30 mil;0.0004949668239902981
1996;Executivo;> 30 mil;0.000420042293913732
1996;Judiciario;< 2,5 mil;0.13546586517818807
1996;Judiciario;2,5 - 5 mil;0.24723670490093846
1996;Judiciario;5 - 7,5 mil;0.25119303195730847
1996;Judiciario;7,5 - 10 mil;0.13422069557750108
1996;Judiciario;10 - 12,5 mil;0.07041035392259093
1996;Judiciario;12,5 - 15 mil;0.04034226829417899
1996;Judiciario;15 - 17,5 mil;0.02590934183892535
1996;Judiciario;17,5 - 20 mil;0.018751150095074526
1996;Judiciario;20 - 22,5 mil;0.01826657670367417
1996;Judiciario;22,5 - 25 mil;0.016573636753971662
1996;Judiciario;25 - 27,5 mil;0.01491749984665399
1996;Judiciario;27,5 - 30 mil;0.012102067104213948
1996;Judiciario;> 30 mil;0.014610807826780347
1996;Legislativo;< 2,5 mil;0.29249943349195556
1996;Legislativo;2,5 - 5 mil;0.22903920235667347
1996;Legislativo;5 - 7,5 mil;0.1487536823022887
1996;Legislativo;7,5 - 10 mil;0.09038069340584637
1996;Legislativo;10 - 12,5 mil;0.06117153863584863
1996;Legislativo;12,5 - 15 mil;0.04802855200543848
1996;Legislativo;15 - 17,5 mil;0.041547699977339675
1996;Legislativo;17,5 - 20 mil;0.024518468162247904
1996;Legislativo;20 - 22,5 mil;0.021357353274416496
1996;Legislativo;22,5 - 25 mil;0.014910491728982551
1996;Legislativo;25 - 27,5 mil;0.011534103784273737
1996;Legislativo;27,5 - 30 mil;0.007749830047586676
1996;Legislativo;> 30 mil;0.008508950827101744
1995;Executivo;< 2,5 mil;0.6821652344163328
1995;Executivo;2,5 - 5 mil;0.20256849910911923
1995;Executivo;5 - 7,5 mil;0.056544121145582486
1995;Executivo;7,5 - 10 mil;0.024722385359018915
1995;Executivo;10 - 12,5 mil;0.012697980409854866
1995;Executivo;12,5 - 15 mil;0.0073054709098488305
1995;Executivo;15 - 17,5 mil;0.004363327384659523
1995;Executivo;17,5 - 20 mil;0.002639620440050364
1995;Executivo;20 - 22,5 mil;0.003249282572894926
1995;Executivo;22,5 - 25 mil;0.00175300055320536
1995;Executivo;25 - 27,5 mil;0.0009315367533591779
1995;Executivo;27,5 - 30 mil;0.0005542705820444738
1995;Executivo;> 30 mil;0.000505270364029011
1995;Judiciario;< 2,5 mil;0.14077263716176205
1995;Judiciario;2,5 - 5 mil;0.24799181277516028
1995;Judiciario;5 - 7,5 mil;0.26629077521176076
1995;Judiciario;7,5 - 10 mil;0.13828171262325892
1995;Judiciario;10 - 12,5 mil;0.0630841121495327
1995;Judiciario;12,5 - 15 mil;0.03365000901109652
1995;Judiciario;15 - 17,5 mil;0.02365412836950645
1995;Judiciario;17,5 - 20 mil;0.017204757858963467
1995;Judiciario;20 - 22,5 mil;0.014514301897479468
1995;Judiciario;22,5 - 25 mil;0.015563450992507917
1995;Judiciario;25 - 27,5 mil;0.01396076311114544
1995;Judiciario;27,5 - 30 mil;0.011212378672021833
1995;Judiciario;> 30 mil;0.013819160165804176
1995;Legislativo;< 2,5 mil;0.2788387037965453
1995;Legislativo;2,5 - 5 mil;0.2320541452076022
1995;Legislativo;5 - 7,5 mil;0.15872111571942937
1995;Legislativo;7,5 - 10 mil;0.10141971651246524
1995;Legislativo;10 - 12,5 mil;0.05763183081901463
1995;Legislativo;12,5 - 15 mil;0.047399845038968144
1995;Legislativo;15 - 17,5 mil;0.038888382480288045
1995;Legislativo;17,5 - 20 mil;0.027744861218722938
1995;Legislativo;20 - 22,5 mil;0.02094252768789025
1995;Legislativo;22,5 - 25 mil;0.01496057609042432
1995;Legislativo;25 - 27,5 mil;0.01007246707078073
1995;Legislativo;27,5 - 30 mil;0.0061300761132127065
1995;Legislativo;> 30 mil;0.005195752244656123
1994;Executivo;< 2,5 mil;0.7109068425142547
1994;Executivo;2,5 - 5 mil;0.18512295713386295
1994;Executivo;5 - 7,5 mil;0.05849133417290854
1994;Executivo;7,5 - 10 mil;0.021988293452326266
1994;Executivo;10 - 12,5 mil;0.009411902266906374
1994;Executivo;12,5 - 15 mil;0.005590632629456082
1994;Executivo;15 - 17,5 mil;0.004165119932672868
1994;Executivo;17,5 - 20 mil;0.0018475511728315974
1994;Executivo;20 - 22,5 mil;0.0010651362633406361
1994;Executivo;22,5 - 25 mil;0.000610045510852253
1994;Executivo;25 - 27,5 mil;0.00036943915440193237
1994;Executivo;27,5 - 30 mil;0.00022567952192903038
1994;Executivo;> 30 mil;0.00020506627425677246
1994;Judiciario;< 2,5 mil;0.16578601489584854
1994;Judiciario;2,5 - 5 mil;0.2762104536462966
1994;Judiciario;5 - 7,5 mil;0.291829852767415
1994;Judiciario;7,5 - 10 mil;0.09876133451933672
1994;Judiciario;10 - 12,5 mil;0.04766804296164518
1994;Judiciario;12,5 - 15 mil;0.026067734954794683
1994;Judiciario;15 - 17,5 mil;0.01871274378343932
1994;Judiciario;17,5 - 20 mil;0.019768198292686164
1994;Judiciario;20 - 22,5 mil;0.01700675756409065
1994;Judiciario;22,5 - 25 mil;0.014676791949338184
1994;Judiciario;25 - 27,5 mil;0.010773601688727215
1994;Judiciario;27,5 - 30 mil;0.007859485150618005
1994;Judiciario;> 30 mil;0.004878987825763711
1994;Legislativo;< 2,5 mil;0.3559225666711791
1994;Legislativo;2,5 - 5 mil;0.2361175037227562
1994;Legislativo;5 - 7,5 mil;0.13875727629619602
1994;Legislativo;7,5 - 10 mil;0.08944090970624069
1994;Legislativo;10 - 12,5 mil;0.05233518343035062
1994;Legislativo;12,5 - 15 mil;0.04185731690808177
1994;Legislativo;15 - 17,5 mil;0.028942737241099227
1994;Legislativo;17,5 - 20 mil;0.01971030188168404
1994;Legislativo;20 - 22,5 mil;0.01605523216461351
1994;Legislativo;22,5 - 25 mil;0.010004061188574522
1994;Legislativo;25 - 27,5 mil;0.004277785298497361
1994;Legislativo;27,5 - 30 mil;0.0033707865168539327
1994;Legislativo;> 30 mil;0.0032083389738730202
1993;Executivo;< 2,5 mil;0.7301749171220843
1993;Executivo;2,5 - 5 mil;0.1783856698989379
1993;Executivo;5 - 7,5 mil;0.049418029575811075
1993;Executivo;7,5 - 10 mil;0.017591275301052974
1993;Executivo;10 - 12,5 mil;0.00970628701922032
1993;Executivo;12,5 - 15 mil;0.004808563020372726
1993;Executivo;15 - 17,5 mil;0.0032164822984808643
1993;Executivo;17,5 - 20 mil;0.0025288282519934442
1993;Executivo;20 - 22,5 mil;0.0017908354030754222
1993;Executivo;22,5 - 25 mil;0.0010006462313419044
1993;Executivo;25 - 27,5 mil;0.0006087094301294637
1993;Executivo;27,5 - 30 mil;0.00040809722856101056
1993;Executivo;> 30 mil;0.00036165921893868344
1993;Judiciario;< 2,5 mil;0.20756449467636195
1993;Judiciario;2,5 - 5 mil;0.3536353999986497
1993;Judiciario;5 - 7,5 mil;0.16245704293343596
1993;Judiciario;7,5 - 10 mil;0.10131453687387333
1993;Judiciario;10 - 12,5 mil;0.04701815505728734
1993;Judiciario;12,5 - 15 mil;0.02986908644075807
1993;Judiciario;15 - 17,5 mil;0.020173786230783253
1993;Judiciario;17,5 - 20 mil;0.01648066003659368
1993;Judiciario;20 - 22,5 mil;0.013206133155091046
1993;Judiciario;22,5 - 25 mil;0.013442439218704638
1993;Judiciario;25 - 27,5 mil;0.011619506727971211
1993;Judiciario;27,5 - 30 mil;0.010147657531749408
1993;Judiciario;> 30 mil;0.013071101118740422
1993;Legislativo;< 2,5 mil;0.3523195525472387
1993;Legislativo;2,5 - 5 mil;0.23784539616150868
1993;Legislativo;5 - 7,5 mil;0.13622808211550122
1993;Legislativo;7,5 - 10 mil;0.08298169848910447
1993;Legislativo;10 - 12,5 mil;0.05266479403066338
1993;Legislativo;12,5 - 15 mil;0.036442156583717966
1993;Legislativo;15 - 17,5 mil;0.03110885624837588
1993;Legislativo;17,5 - 20 mil;0.018920223231410786
1993;Legislativo;20 - 22,5 mil;0.015269820449680126
1993;Legislativo;22,5 - 25 mil;0.011879276849021816
1993;Legislativo;25 - 27,5 mil;0.00982515189387846
1993;Legislativo;27,5 - 30 mil;0.007931892146065609
1993;Legislativo;> 30 mil;0.006583099253832923
1992;Executivo;< 2,5 mil;0.7440677113008535
1992;Executivo;2,5 - 5 mil;0.17646009539014731
1992;Executivo;5 - 7,5 mil;0.042369090209926775
1992;Executivo;7,5 - 10 mil;0.017195594094588856
1992;Executivo;10 - 12,5 mil;0.00788871283700123
1992;Executivo;12,5 - 15 mil;0.00412686205070697
1992;Executivo;15 - 17,5 mil;0.003254297891873718
1992;Executivo;17,5 - 20 mil;0.0019516928831863289
1992;Executivo;20 - 22,5 mil;0.0010996643829135268
1992;Executivo;22,5 - 25 mil;0.0006283508859526029
1992;Executivo;25 - 27,5 mil;0.0004465499086968514
1992;Executivo;27,5 - 30 mil;0.00026877553115883525
1992;Executivo;> 30 mil;0.00024260263299355543
1992;Judiciario;< 2,5 mil;0.29082218118535746
1992;Judiciario;2,5 - 5 mil;0.32286893281353307
1992;Judiciario;5 - 7,5 mil;0.16091770588727022
1992;Judiciario;7,5 - 10 mil;0.07257445531161419
1992;Judiciario;10 - 12,5 mil;0.03727515217837357
1992;Judiciario;12,5 - 15 mil;0.028125451215527134
1992;Judiciario;15 - 17,5 mil;0.02276786053545509
1992;Judiciario;17,5 - 20 mil;0.01737987217776562
1992;Judiciario;20 - 22,5 mil;0.010753178457165873
1992;Judiciario;22,5 - 25 mil;0.008435355538836833
1992;Judiciario;25 - 27,5 mil;0.009126902704633367
1992;Judiciario;27,5 - 30 mil;0.008807727089650351
1992;Judiciario;> 30 mil;0.010145224904817273
1992;Legislativo;< 2,5 mil;0.3381663673397871
1992;Legislativo;2,5 - 5 mil;0.2685911194825295
1992;Legislativo;5 - 7,5 mil;0.14395432709857345
1992;Legislativo;7,5 - 10 mil;0.09211967234657673
1992;Legislativo;10 - 12,5 mil;0.047906902039803176
1992;Legislativo;12,5 - 15 mil;0.0320498780790515
1992;Legislativo;15 - 17,5 mil;0.024953640836947157
1992;Legislativo;17,5 - 20 mil;0.01565260560398324
1992;Legislativo;20 - 22,5 mil;0.012279702717304013
1992;Legislativo;22,5 - 25 mil;0.010717362419145239
1992;Legislativo;25 - 27,5 mil;0.006614393972578738
1992;Legislativo;27,5 - 30 mil;0.004102968446566502
1992;Legislativo;> 30 mil;0.0028910596171536204
1991;Executivo;< 2,5 mil;0.6744191916207428
1991;Executivo;2,5 - 5 mil;0.21492198631568005
1991;Executivo;5 - 7,5 mil;0.05308127561403062
1991;Executivo;7,5 - 10 mil;0.02681416796053474
1991;Executivo;10 - 12,5 mil;0.01217254254039903
1991;Executivo;12,5 - 15 mil;0.006431514199229708
1991;Executivo;15 - 17,5 mil;0.004263905417659812
1991;Executivo;17,5 - 20 mil;0.002264160618989423
1991;Executivo;20 - 22,5 mil;0.0017439425240132632
1991;Executivo;22,5 - 25 mil;0.001655803917240252
1991;Executivo;25 - 27,5 mil;0.0010428399701370376
1991;Executivo;27,5 - 30 mil;0.0006265853681499526
1991;Executivo;> 30 mil;0.0005620839331933399
1991;Judiciario;< 2,5 mil;0.21062783845815766
1991;Judiciario;2,5 - 5 mil;0.3175003662526655
1991;Judiciario;5 - 7,5 mil;0.1766151742548793
1991;Judiciario;7,5 - 10 mil;0.10508195920759202
1991;Judiciario;10 - 12,5 mil;0.04886624452655739
1991;Judiciario;12,5 - 15 mil;0.029715299594680382
1991;Judiciario;15 - 17,5 mil;0.032173261927628476
1991;Judiciario;17,5 - 20 mil;0.024848208617518273
1991;Judiciario;20 - 22,5 mil;0.016660426806439536
1991;Judiciario;22,5 - 25 mil;0.012078199013559488
1991;Judiciario;25 - 27,5 mil;0.008407533410382043
1991;Judiciario;27,5 - 30 mil;0.007780834404961503
1991;Judiciario;> 30 mil;0.009644653524978432
1991;Legislativo;< 2,5 mil;0.2921877494545261
1991;Legislativo;2,5 - 5 mil;0.2547895269011761
1991;Legislativo;5 - 7,5 mil;0.15093661859400778
1991;Legislativo;7,5 - 10 mil;0.09924964078548242
1991;Legislativo;10 - 12,5 mil;0.07583417593528817
1991;Legislativo;12,5 - 15 mil;0.03782395827789899
1991;Legislativo;15 - 17,5 mil;0.023375552126017773
1991;Legislativo;17,5 - 20 mil;0.016337608429567347
1991;Legislativo;20 - 22,5 mil;0.016204566015645787
1991;Legislativo;22,5 - 25 mil;0.015126922462881167
1991;Legislativo;25 - 27,5 mil;0.00919323080197967
1991;Legislativo;27,5 - 30 mil;0.004856048108136874
1991;Legislativo;> 30 mil;0.004084402107391837
1990;Executivo;< 2,5 mil;0.6132223539936661
1990;Executivo;2,5 - 5 mil;0.23726507221870877
1990;Executivo;5 - 7,5 mil;0.07398649619191316
1990;Executivo;7,5 - 10 mil;0.030894806330370297
1990;Executivo;10 - 12,5 mil;0.01781038750110765
1990;Executivo;12,5 - 15 mil;0.009189743191347917
1990;Executivo;15 - 17,5 mil;0.0057035320546512955
1990;Executivo;17,5 - 20 mil;0.004099818284886085
1990;Executivo;20 - 22,5 mil;0.002700640231184029
1990;Executivo;22,5 - 25 mil;0.0019061676723511815
1990;Executivo;25 - 27,5 mil;0.0014578480414946524
1990;Executivo;27,5 - 30 mil;0.0009615808688903806
1990;Executivo;> 30 mil;0.0008015534194285058
1990;Judiciario;< 2,5 mil;0.1578670297254368
1990;Judiciario;2,5 - 5 mil;0.2848014522350806
1990;Judiciario;5 - 7,5 mil;0.17303380984796915
1990;Judiciario;7,5 - 10 mil;0.11270251872021783
1990;Judiciario;10 - 12,5 mil;0.0845382346267302
1990;Judiciario;12,5 - 15 mil;0.04452915815747674
1990;Judiciario;15 - 17,5 mil;0.01954163830270025
1990;Judiciario;17,5 - 20 mil;0.021465849784433857
1990;Judiciario;20 - 22,5 mil;0.031123213070115726
1990;Judiciario;22,5 - 25 mil;0.02715679600635353
1990;Judiciario;25 - 27,5 mil;0.01860676196959383
1990;Judiciario;27,5 - 30 mil;0.01146358066712049
1990;Judiciario;> 30 mil;0.013169956886771046
1990;Legislativo;< 2,5 mil;0.2660571391319937
1990;Legislativo;2,5 - 5 mil;0.23914992095699084
1990;Legislativo;5 - 7,5 mil;0.14778598086670253
1990;Legislativo;7,5 - 10 mil;0.0921625189458759
1990;Legislativo;10 - 12,5 mil;0.08745253345067554
1990;Legislativo;12,5 - 15 mil;0.04837106210987793
1990;Legislativo;15 - 17,5 mil;0.029857070682377484
1990;Legislativo;17,5 - 20 mil;0.01989928127902997
1990;Legislativo;20 - 22,5 mil;0.014928535341188742
1990;Legislativo;22,5 - 25 mil;0.013885493570625336
1990;Legislativo;25 - 27,5 mil;0.014879642758193583
1990;Legislativo;27,5 - 30 mil;0.01233722844244528
1990;Legislativo;> 30 mil;0.013233592464023208
1989;Executivo;< 2,5 mil;0.6049684402144878
1989;Executivo;2,5 - 5 mil;0.241411204239574
1989;Executivo;5 - 7,5 mil;0.0709460526166226
1989;Executivo;7,5 - 10 mil;0.03320944894884212
1989;Executivo;10 - 12,5 mil;0.019871950585454753
1989;Executivo;12,5 - 15 mil;0.009941763954780235
1989;Executivo;15 - 17,5 mil;0.006325218400956834
1989;Executivo;17,5 - 20 mil;0.0047208117767066765
1989;Executivo;20 - 22,5 mil;0.0033039578029690994
1989;Executivo;22,5 - 25 mil;0.002055501270769193
1989;Executivo;25 - 27,5 mil;0.0014837919567488012
1989;Executivo;27,5 - 30 mil;0.0009139771139457079
1989;Executivo;> 30 mil;0.000847881118142172
1989;Judiciario;< 2,5 mil;0.22971247281361615
1989;Judiciario;2,5 - 5 mil;0.4124648322924357
1989;Judiciario;5 - 7,5 mil;0.1473651655127003
1989;Judiciario;7,5 - 10 mil;0.06698325917353393
1989;Judiciario;10 - 12,5 mil;0.04749885268471776
1989;Judiciario;12,5 - 15 mil;0.03008959035856097
1989;Judiciario;15 - 17,5 mil;0.017449168944669472
1989;Judiciario;17,5 - 20 mil;0.011463176167767423
1989;Judiciario;20 - 22,5 mil;0.009318195422710857
1989;Judiciario;22,5 - 25 mil;0.007861603846998024
1989;Judiciario;25 - 27,5 mil;0.006644451982361275
1989;Judiciario;27,5 - 30 mil;0.005726599756569627
1989;Judiciario;> 30 mil;0.007422631043358541
1989;Legislativo;< 2,5 mil;0.2837067437441114
1989;Legislativo;2,5 - 5 mil;0.24879832644001212
1989;Legislativo;5 - 7,5 mil;0.1573114450423979
1989;Legislativo;7,5 - 10 mil;0.08923524057424825
1989;Legislativo;10 - 12,5 mil;0.07880742881780872
1989;Legislativo;12,5 - 15 mil;0.039076348189904346
1989;Legislativo;15 - 17,5 mil;0.023394707845610898
1989;Legislativo;17,5 - 20 mil;0.019753756726976573
1989;Legislativo;20 - 22,5 mil;0.016192651027610545
1989;Legislativo;22,5 - 25 mil;0.015442104086488558
1989;Legislativo;25 - 27,5 mil;0.009773079318439501
1989;Legislativo;27,5 - 30 mil;0.00887881062263458
1989;Legislativo;> 30 mil;0.009629357563756567
1988;Executivo;< 2,5 mil;0.6209185923036449
1988;Executivo;2,5 - 5 mil;0.22731519155207433
1988;Executivo;5 - 7,5 mil;0.06733997950879211
1988;Executivo;7,5 - 10 mil;0.03357359921428455
1988;Executivo;10 - 12,5 mil;0.01941808108384959
1988;Executivo;12,5 - 15 mil;0.009935966565949686
1988;Executivo;15 - 17,5 mil;0.008342394468264607
1988;Executivo;17,5 - 20 mil;0.005022487944820075
1988;Executivo;20 - 22,5 mil;0.003135608659072916
1988;Executivo;22,5 - 25 mil;0.0021462536104036463
1988;Executivo;25 - 27,5 mil;0.001383188344570413
1988;Executivo;27,5 - 30 mil;0.0008052692646939373
1988;Executivo;> 30 mil;0.0006633874795793089
1988;Judiciario;< 2,5 mil;0.2687074133944466
1988;Judiciario;2,5 - 5 mil;0.41046837592846475
1988;Judiciario;5 - 7,5 mil;0.1331259847353236
1988;Judiciario;7,5 - 10 mil;0.07024615825336089
1988;Judiciario;10 - 12,5 mil;0.0384993145219046
1988;Judiciario;12,5 - 15 mil;0.019121769556587752
1988;Judiciario;15 - 17,5 mil;0.014241574758036463
1988;Judiciario;17,5 - 20 mil;0.009606924351865114
1988;Judiciario;20 - 22,5 mil;0.008727056945837
1988;Judiciario;22,5 - 25 mil;0.008655439831392851
1988;Judiciario;25 - 27,5 mil;0.00585214135172188
1988;Judiciario;27,5 - 30 mil;0.004634650406171349
1988;Judiciario;> 30 mil;0.008113195964887151
1988;Legislativo;< 2,5 mil;0.3390890890890891
1988;Legislativo;2,5 - 5 mil;0.2564908658658659
1988;Legislativo;5 - 7,5 mil;0.11126751751751751
1988;Legislativo;7,5 - 10 mil;0.09335898398398398
1988;Legislativo;10 - 12,5 mil;0.06470533033033032
1988;Legislativo;12,5 - 15 mil;0.03955518018018018
1988;Legislativo;15 - 17,5 mil;0.022647647647647647
1988;Legislativo;17,5 - 20 mil;0.019801051051051052
1988;Legislativo;20 - 22,5 mil;0.015265265265265265
1988;Legislativo;22,5 - 25 mil;0.014092217217217217
1988;Legislativo;25 - 27,5 mil;0.009587712712712713
1988;Legislativo;27,5 - 30 mil;0.007147772772772773
1988;Legislativo;> 30 mil;0.006991366366366367
1987;Executivo;< 2,5 mil;0.6049091655892397
1987;Executivo;2,5 - 5 mil;0.24031480736905875
1987;Executivo;5 - 7,5 mil;0.07924891868957423
1987;Executivo;7,5 - 10 mil;0.034350287139260645
1987;Executivo;10 - 12,5 mil;0.015960369471661594
1987;Executivo;12,5 - 15 mil;0.009644931360765907
1987;Executivo;15 - 17,5 mil;0.005869367079827857
1987;Executivo;17,5 - 20 mil;0.003351384976856543
1987;Executivo;20 - 22,5 mil;0.0022572321270847265
1987;Executivo;22,5 - 25 mil;0.0015586476114716984
1987;Executivo;25 - 27,5 mil;0.001058605887140561
1987;Executivo;27,5 - 30 mil;0.0008026244062410929
1987;Executivo;> 30 mil;0.0006736582918167207
1987;Judiciario;< 2,5 mil;0.25812704566398675
1987;Judiciario;2,5 - 5 mil;0.39599817810120014
1987;Judiciario;5 - 7,5 mil;0.14403592953912317
1987;Judiciario;7,5 - 10 mil;0.0780238753482263
1987;Judiciario;10 - 12,5 mil;0.04209433622506806
1987;Judiciario;12,5 - 15 mil;0.022074634296185665
1987;Judiciario;15 - 17,5 mil;0.013897274566504603
1987;Judiciario;17,5 - 20 mil;0.010444140794644464
1987;Judiciario;20 - 22,5 mil;0.010009850964441196
1987;Judiciario;22,5 - 25 mil;0.007774847204126812
1987;Judiciario;25 - 27,5 mil;0.0062071668414418425
1987;Judiciario;27,5 - 30 mil;0.004522969695043799
1987;Judiciario;> 30 mil;0.006789750760007203
1987;Legislativo;< 2,5 mil;0.2751623681345497
1987;Legislativo;2,5 - 5 mil;0.2462176671547096
1987;Legislativo;5 - 7,5 mil;0.1486278484814356
1987;Legislativo;7,5 - 10 mil;0.12174794458835454
1987;Legislativo;10 - 12,5 mil;0.06804444945001314
1987;Legislativo;12,5 - 15 mil;0.03376881780981342
1987;Legislativo;15 - 17,5 mil;0.031854187783909596
1987;Legislativo;17,5 - 20 mil;0.025115440928032435
1987;Legislativo;20 - 22,5 mil;0.01903367496339678
1987;Legislativo;22,5 - 25 mil;0.013477493711754327
1987;Legislativo;25 - 27,5 mil;0.007170477155835867
1987;Legislativo;27,5 - 30 mil;0.004880429477794046
1987;Legislativo;> 30 mil;0.004899200360400946
1986;Executivo;< 2,5 mil;0.55628288412932
1986;Executivo;2,5 - 5 mil;0.26372805605173305
1986;Executivo;5 - 7,5 mil;0.0910540378164546
1986;Executivo;7,5 - 10 mil;0.04077111021324838
1986;Executivo;10 - 12,5 mil;0.02031664675607497
1986;Executivo;12,5 - 15 mil;0.011350942049981971
1986;Executivo;15 - 17,5 mil;0.0061652245213334655
1986;Executivo;17,5 - 20 mil;0.0036338790650604635
1986;Executivo;20 - 22,5 mil;0.0022590734370297565
1986;Executivo;22,5 - 25 mil;0.001579849988201546
1986;Executivo;25 - 27,5 mil;0.0011339065163545846
1986;Executivo;27,5 - 30 mil;0.0009147443477785404
1986;Executivo;> 30 mil;0.0008096451074286787
1986;Judiciario;< 2,5 mil;0.25069668933229294
1986;Judiciario;2,5 - 5 mil;0.2966596068814328
1986;Judiciario;5 - 7,5 mil;0.1598112436369041
1986;Judiciario;7,5 - 10 mil;0.08492178501096125
1986;Judiciario;10 - 12,5 mil;0.08131757886523241
1986;Judiciario;12,5 - 15 mil;0.03966484598521161
1986;Judiciario;15 - 17,5 mil;0.022591312748485862
1986;Judiciario;17,5 - 20 mil;0.016348976331141084
1986;Judiciario;20 - 22,5 mil;0.012596143127856426
1986;Judiciario;22,5 - 25 mil;0.01018095344257422
1986;Judiciario;25 - 27,5 mil;0.01068256976182514
1986;Judiciario;27,5 - 30 mil;0.007394196113402445
1986;Judiciario;> 30 mil;0.007134098762679746
1986;Legislativo;< 2,5 mil;0.22212049873572237
1986;Legislativo;2,5 - 5 mil;0.2590679222251286
1986;Legislativo;5 - 7,5 mil;0.16280844014299417
1986;Legislativo;7,5 - 10 mil;0.10818292789258
1986;Legislativo;10 - 12,5 mil;0.0804778097480164
1986;Legislativo;12,5 - 15 mil;0.04996076379806435
1986;Legislativo;15 - 17,5 mil;0.029601534571453484
1986;Legislativo;17,5 - 20 mil;0.0246098177696399
1986;Legislativo;20 - 22,5 mil;0.019269334728398292
1986;Legislativo;22,5 - 25 mil;0.015411108204725783
1986;Legislativo;25 - 27,5 mil;0.01360188333769291
1986;Legislativo;27,5 - 30 mil;0.008828145435521842
1986;Legislativo;> 30 mil;0.006059813410061906
1985;Executivo;< 2,5 mil;0.7235205093095324
1985;Executivo;2,5 - 5 mil;0.17337582465367904
1985;Executivo;5 - 7,5 mil;0.05553032514654742
1985;Executivo;7,5 - 10 mil;0.024073963235806062
1985;Executivo;10 - 12,5 mil;0.01104367168003987
1985;Executivo;12,5 - 15 mil;0.005519392874112745
1985;Executivo;15 - 17,5 mil;0.0027581085092166996
1985;Executivo;17,5 - 20 mil;0.0016314126328210027
1985;Executivo;20 - 22,5 mil;0.0011753108979487637
1985;Executivo;22,5 - 25 mil;0.0005633479381978485
1985;Executivo;25 - 27,5 mil;0.0003517870906352566
1985;Executivo;27,5 - 30 mil;0.0002345247270901711
1985;Executivo;> 30 mil;0.00022182130437278682
1985;Judiciario;< 2,5 mil;0.46961674415875854
1985;Judiciario;2,5 - 5 mil;0.24541281039616303
1985;Judiciario;5 - 7,5 mil;0.09441323574707755
1985;Judiciario;7,5 - 10 mil;0.07041757725986007
1985;Judiciario;10 - 12,5 mil;0.03408674225201308
1985;Judiciario;12,5 - 15 mil;0.021443553000190674
1985;Judiciario;15 - 17,5 mil;0.014227254726528697
1985;Judiciario;17,5 - 20 mil;0.013581894718315024
1985;Judiciario;20 - 22,5 mil;0.00994441103565614
1985;Judiciario;22,5 - 25 mil;0.007142961909092242
1985;Judiciario;25 - 27,5 mil;0.005338887340676748
1985;Judiciario;27,5 - 30 mil;0.0070109564528667186
1985;Judiciario;> 30 mil;0.0073629710028014494
1985;Legislativo;< 2,5 mil;0.36819522070149185
1985;Legislativo;2,5 - 5 mil;0.23729261101087004
1985;Legislativo;5 - 7,5 mil;0.13453329225894467
1985;Legislativo;7,5 - 10 mil;0.08977687805307398
1985;Legislativo;10 - 12,5 mil;0.06002728512960437
1985;Legislativo;12,5 - 15 mil;0.025568806935703913
1985;Legislativo;15 - 17,5 mil;0.023346389121154776
1985;Legislativo;17,5 - 20 mil;0.018307441799058223
1985;Legislativo;20 - 22,5 mil;0.0204418430664965
1985;Legislativo;22,5 - 25 mil;0.009571799498305682
1985;Legislativo;25 - 27,5 mil;0.0060511376138714075
1985;Legislativo;27,5 - 30 mil;0.0034106412005457027
1985;Legislativo;> 30 mil;0.003476653610878845
